24 2 ss 12 12 12 12
0 1 15.4634011345
0 2 10.855752573
0 3 17.0743019192
0 4 15.6245185998
0 5 10.8474561271
0 6 10.809373624
0 7 9.66133922826
0 8 12.6315802162
0 9 10.663706017
0 10 9.05227264109
0 11 12.5766951317
0 12 8.45103557565
0 13 12.0337629326
0 14 10.1829601139
0 15 12.8756348436
0 16 10.9791093991
0 17 10.5499139485
0 18 11.8657552733
0 19 10.7094089368
0 20 11.080066145
0 21 13.1193695352
0 22 13.3480647749
0 23 16.3194515027
1 2 10.1402197717
1 3 15.7383827478
1 4 8.41166169744
1 5 11.974013964
1 6 11.9282975178
1 7 11.6342174116
1 8 9.54819182507
1 9 11.2368854511
1 10 12.6056270393
1 11 11.3946681566
1 12 11.870449453
1 13 11.3315761884
1 14 13.6187349365
1 15 13.7836208819
1 16 11.1657893324
1 17 10.3736079826
1 18 9.65316812393
1 19 10.5822871201
1 20 12.8817652812
1 21 13.7400821139
1 22 11.6156234887
1 23 11.3250916608
2 3 21.5685624435
2 4 13.8923657161
2 5 8.64756706907
2 6 8.04237676338
2 7 7.09201387181
2 8 11.479216935
2 9 6.3356523369
2 10 8.12586087061
2 11 6.67872510799
2 12 7.68272874415
2 13 14.4326982157
2 14 7.20224475152
2 15 11.2616172272
2 16 9.7166495243
2 17 6.83355498052
2 18 7.68099992639
2 19 6.39949907523
2 20 8.38886987777
2 21 7.65719925719
2 22 5.04766060419
2 23 16.4606519343
3 4 15.809718105
3 5 19.6790633786
3 6 19.9999552344
3 7 21.6747646616
3 8 15.7304265061
3 9 21.6879708602
3 10 20.4649492296
3 11 19.838144764
3 12 18.235647717
3 13 17.4681183132
3 14 21.423756422
3 15 16.6174383918
3 16 18.2722541081
3 17 20.9141552327
3 18 18.6279084222
3 19 21.7741164214
3 20 19.6909951998
3 21 21.4034734129
3 22 22.1402658186
3 23 19.6634744087
4 5 9.89864515564
4 6 9.23813865259
4 7 12.0696186491
4 8 9.03392585344
4 9 11.7714173959
4 10 13.8064029402
4 11 11.0626314472
4 12 13.7283497043
4 13 13.5346644269
4 14 12.716649305
4 15 12.4346397134
4 16 12.9964986489
4 17 12.5865335449
4 18 10.7574895584
4 19 11.0152141672
4 20 12.7418750218
4 21 14.1045665559
4 22 13.7418269715
4 23 12.5535968141
5 6 4.02992229519
5 7 7.91233150668
5 8 9.25645128022
5 9 5.19790255415
5 10 7.10843774649
5 11 8.54712823593
5 12 6.59579661395
5 13 13.8841666141
5 14 6.938934796
5 15 9.2723610554
5 16 9.46592162258
5 17 9.3549814757
5 18 7.26529637044
5 19 8.02705109664
5 20 6.89272767694
5 21 7.02844105726
5 22 8.34796465432
5 23 13.6872818435
6 7 7.48443233091
6 8 9.29556935432
6 9 4.7948627861
6 10 7.1648718379
6 11 8.4732832497
6 12 7.79547634861
6 13 13.8917638696
6 14 6.67915141539
6 15 8.52254584057
6 16 8.83591992756
6 17 8.75478792764
6 18 7.46285600299
6 19 6.67317589521
6 20 5.98129630049
6 21 7.33519149899
6 22 7.7036039226
6 23 14.3793086479
7 8 10.6430768511
7 9 6.08871640293
7 10 8.99086341623
7 11 9.3276780038
7 12 7.5321392794
7 13 14.9161229404
7 14 8.71822814561
7 15 11.9609916314
7 16 10.519054363
7 17 6.8516778018
7 18 9.62708711955
7 19 8.03457530221
7 20 9.95307542461
7 21 10.9666464995
7 22 8.79185172377
7 23 15.1635103851
8 9 10.3187376434
8 10 12.4418407409
8 11 11.293068716
8 12 11.9045425059
8 13 11.2853564231
8 14 12.962449685
8 15 12.8205635444
8 16 10.9745497074
8 17 10.6287114386
8 18 7.32532673144
8 19 12.993440165
8 20 10.1832242965
8 21 12.6924415472
8 22 12.205085155
8 23 11.9629863851
9 10 5.60931767537
9 11 9.43342068498
9 12 5.91773162418
9 13 14.5996735409
9 14 6.20381516969
9 15 8.7235624439
9 16 6.761864416
9 17 7.94591919374
9 18 7.64256994538
9 19 6.36653277923
9 20 6.87063309509
9 21 6.92339542734
9 22 7.63821244037
9 23 13.2431322977
10 11 10.753846226
10 12 5.19082146263
10 13 13.8397862864
10 14 5.63997727676
10 15 10.7641771769
10 16 7.17557152322
10 17 9.9097411668
10 18 9.88434924725
10 19 7.67226645809
10 20 5.57553825207
10 21 7.18241006533
10 22 9.80220290891
10 23 15.956000245
11 12 9.80628719273
11 13 16.2034775061
11 14 9.5529969458
11 15 10.1777781236
11 16 10.9054562931
11 17 9.90040190821
11 18 8.97842941998
11 19 7.92702976361
11 20 8.64450460699
11 21 8.68519337574
11 22 6.82662641534
11 23 17.3192585643
12 13 13.4513587256
12 14 5.59719961409
12 15 9.30838519569
12 16 6.62933246784
12 17 9.33122247837
12 18 9.50846138799
12 19 8.3882558524
12 20 6.24908417305
12 21 7.96398899051
12 22 9.48604985592
12 23 15.1953591592
13 14 15.8664373633
13 15 19.3223701839
13 16 16.2678019699
13 17 12.9850133357
13 18 11.5766470248
13 19 13.3787937835
13 20 15.2594197641
13 21 15.5279740443
13 22 15.8226733688
13 23 9.68675394497
14 15 8.69281167459
14 16 7.1875044429
14 17 9.52910988287
14 18 10.7619374658
14 19 6.99912564595
14 20 7.27768046064
14 21 7.95235487991
14 22 9.88329954145
14 23 16.4249917772
15 16 8.22004789567
15 17 10.8822003843
15 18 11.3323172102
15 19 10.480156911
15 20 8.63697639387
15 21 11.0683497469
15 22 11.7325288576
15 23 19.9731463545
16 17 10.6522178279
16 18 10.0379989895
16 19 9.76712407156
16 20 9.19921237166
16 21 9.24317364606
16 22 12.5382702264
16 23 15.6409309433
17 18 6.9989452231
17 19 5.93403617995
17 20 11.1924659957
17 21 9.98228604991
17 22 8.08546500943
17 23 14.7972799871
18 19 7.53475278768
18 20 8.99106767013
18 21 7.93681240194
18 22 7.22824327205
18 23 12.7741624777
19 20 9.39345282544
19 21 6.37315554975
19 22 6.59000864337
19 23 13.9922288007
20 21 6.82271534433
20 22 8.32363435381
20 23 17.3197756023
21 22 5.68191457304
21 23 17.6805288551
22 23 17.0220681534
