24 2 ss 12 12 12 12
0 1 11.7670385393
0 2 12.1068500978
0 3 10.0033148368
0 4 10.9375323524
0 5 9.02337962908
0 6 13.4904392836
0 7 9.68597651933
0 8 14.0074425491
0 9 11.9451881288
0 10 11.4773458993
0 11 10.0720800954
0 12 13.5069420662
0 13 13.4894930189
0 14 13.7795505545
0 15 11.1076225942
0 16 12.4035827397
0 17 12.6095823592
0 18 11.6578899838
0 19 11.4258557668
0 20 10.8197984246
0 21 13.2360697635
0 22 10.8063908293
0 23 12.2353311154
1 2 10.0433710519
1 3 10.0291195969
1 4 10.0494196068
1 5 11.3809535153
1 6 9.15160497984
1 7 9.32176862523
1 8 14.5048173742
1 9 14.4201188088
1 10 11.7155942406
1 11 12.9525760951
1 12 10.9052624183
1 13 11.9996883568
1 14 11.7815502819
1 15 11.7565125708
1 16 11.3265586362
1 17 9.88537883525
1 18 12.3071702471
1 19 9.85042561906
1 20 13.300961662
1 21 15.3334673525
1 22 9.20482647038
1 23 9.82746149754
2 3 8.58827847475
2 4 10.4357513118
2 5 8.5236138379
2 6 11.8322108029
2 7 8.80761192972
2 8 10.2245967624
2 9 10.6357878431
2 10 11.4840545696
2 11 9.41316938075
2 12 11.7906617223
2 13 11.1698224083
2 14 8.5239860784
2 15 11.9377826004
2 16 7.48695964102
2 17 10.2785559844
2 18 15.2133734784
2 19 7.21368876367
2 20 13.0686367548
2 21 12.003348841
2 22 13.0196511877
2 23 8.25745484556
3 4 7.87126944224
3 5 9.62390951301
3 6 10.2765296652
3 7 2.6057025306
3 8 7.21614365333
3 9 5.76354060322
3 10 13.0403684201
3 11 10.1397555586
3 12 8.21680867162
3 13 11.6655600905
3 14 7.87294474337
3 15 11.8011721833
3 16 4.79900011583
3 17 4.37078365143
3 18 11.9442398169
3 19 10.4546811911
3 20 8.0573504017
3 21 8.32901593037
3 22 11.9219357161
3 23 6.158406734
4 5 10.7421097126
4 6 11.1762391545
4 7 7.68890370734
4 8 12.0714086981
4 9 7.87201186783
4 10 12.0806465418
4 11 9.32489073334
4 12 9.44508958946
4 13 13.8319362465
4 14 12.4783818384
4 15 12.8928008645
4 16 8.35550818397
4 17 8.22327655799
4 18 10.0771411625
4 19 11.0467427728
4 20 9.60180039898
4 21 10.6548144673
4 22 13.4890706908
4 23 10.4104971756
5 6 13.626837153
5 7 10.6269175159
5 8 12.5737850259
5 9 9.07269524739
5 10 12.7857068079
5 11 10.3915808834
5 12 12.6903073052
5 13 11.9720296958
5 14 8.94150816878
5 15 12.9331700238
5 16 8.61010033034
5 17 10.8816921869
5 18 12.4420372364
5 19 9.6743515741
5 20 9.13766252458
5 21 10.5687856518
5 22 13.2950234492
5 23 9.68340798681
6 7 11.4538717782
6 8 11.6673320767
6 9 14.0273579369
6 10 13.5909151077
6 11 13.3449243792
6 12 9.53775407161
6 13 11.0041819405
6 14 12.2466387346
6 15 9.45895475436
6 16 12.5000258015
6 17 10.6828244909
6 18 11.0631548949
6 19 9.91268351018
6 20 13.6896580425
6 21 13.5716866116
6 22 12.2345484919
6 23 8.44972615129
7 8 8.52984940267
7 9 6.33055704481
7 10 13.8290907087
7 11 10.2403218408
7 12 8.9352205504
7 13 12.5580537187
7 14 8.31061541668
7 15 12.7815445993
7 16 5.15114885932
7 17 5.68755508848
7 18 11.3407368445
7 19 10.8890218611
7 20 8.34092055654
7 21 9.2670915358
7 22 13.3839795041
7 23 6.82146313269
8 9 8.18919414723
8 10 16.9878216241
8 11 12.3576290759
8 12 12.4303595127
8 13 11.9475952703
8 14 10.6087061835
8 15 11.9714008422
8 16 7.67261469997
8 17 7.75577181231
8 18 13.5558129716
8 19 11.0428293282
8 20 11.7536447905
8 21 8.33511012352
8 22 15.2413254246
8 23 8.43689718558
9 10 13.7359074013
9 11 8.5357497755
9 12 9.85913719933
9 13 12.2830550289
9 14 8.09799878928
9 15 13.5924044954
9 16 6.37474157734
9 17 8.57970401024
9 18 10.5385759808
9 19 13.0021905595
9 20 8.3173343187
9 21 5.37790858625
9 22 15.417058823
9 23 9.12510802156
10 11 10.8786025611
10 12 11.392480498
10 13 13.1007301248
10 14 13.7801427497
10 15 13.9869915682
10 16 12.851484983
10 17 13.4306186265
10 18 13.4826719677
10 19 11.5625784981
10 20 12.9030885671
10 21 15.6843787581
10 22 11.7078377253
10 23 14.2380212127
11 12 10.5291406478
11 13 11.7999748061
11 14 11.9973694489
11 15 10.553768717
11 16 9.86474814234
11 17 12.5240218374
11 18 10.1121699096
11 19 10.979427797
11 20 8.28678050532
11 21 8.8829428372
11 22 13.7375317606
11 23 11.6381316948
12 13 11.0201799903
12 14 10.2629403183
12 15 12.4598324871
12 16 10.4322726285
12 17 10.0962910866
12 18 9.02604784655
12 19 11.8410471227
12 20 12.0620415036
12 21 11.4467153029
12 22 12.9766622228
12 23 8.55833687911
13 14 9.92422593432
13 15 13.9783658337
13 16 11.8438949365
13 17 11.6225042668
13 18 9.81890462247
13 19 10.8629712515
13 20 12.0475056721
13 21 10.8432567195
13 22 13.1798387864
13 23 10.4058213552
14 15 16.0429392973
14 16 7.37903248157
14 17 7.86847261941
14 18 12.4226706717
14 19 11.7765969595
14 20 10.0900551601
14 21 8.82220314386
14 22 15.7547448068
14 23 7.97416128307
15 16 13.3804845463
15 17 13.2741336756
15 18 11.5903364511
15 19 10.7245371895
15 20 13.0053399871
15 21 14.0629957964
15 22 10.4087912306
15 23 11.7200324945
16 17 6.35254983304
16 18 12.7208569846
16 19 10.5900145941
16 20 8.05445936842
16 21 8.90532468693
16 22 12.3374104615
16 23 6.75102729421
17 18 11.8230604339
17 19 11.6601102159
17 20 8.42291245481
17 21 8.24201576326
17 22 13.1197065561
17 23 8.57898727394
18 19 12.6557002707
18 20 9.67445519552
18 21 10.5505579392
18 22 12.9799073055
18 23 11.4221741764
19 20 13.7532212893
19 21 13.0212667089
19 22 11.5717570898
19 23 8.67441079095
20 21 8.80293521264
20 22 13.3739219185
20 23 10.5832094584
21 22 17.3330626473
21 23 10.844184171
22 23 13.5438587011
